22 serialization::archive 15 20 32 0 0 0 1 0 0 1 2 1 0
0 3.13500000000000014e+01 4.06700000000000017e+01 5.12299999999999969e+01 2 17 2
1 7.76299999999999955e+01 5.89999999999999969e-01 8.69000000000000057e+01 1 6 2
2 2.70000000000000018e-01 2.36200000000000010e+01 1.42100000000000009e+01 1 5 2
3 6.42900000000000063e+01 2.56700000000000017e+01 5.36799999999999997e+01 1 4 2 0 1 1 2
4 6.64899999999999949e+01 4.91999999999999993e+00 5.38599999999999994e+01 1 2 2 4 1 3 2
5 2.86200000000000010e+01 1.53000000000000007e+01 5.78200000000000003e+01 2 18 2
6 3.42599999999999980e+01 5.40000000000000036e+00 3.92599999999999980e+01 1 7 2
7 5.21099999999999994e+01 5.73599999999999994e+01 9.17199999999999989e+01 1 8 2
8 8.33499999999999943e+01 7.79300000000000068e+01 6.91500000000000057e+01 1 9 2 4 2 10 2 0 2 15 2 3 2 11 2 2 2 12 2 8 2 13 2 0 2 14 2 1 2 16 2 5 2 19 2
9 2.77699999999999996e+01 8.85999999999999943e+00 9.38299999999999983e+01